v = 90090100;
c = 3*10^8;

lorentz = 1 / sqrt(1 - (v^2) / (c^2))
