r0 = 2;
r1 = 1;

((4 * pi) / 3) * (r0^3 - r1^3)